3.823797417510076124e-02,1.736439757397069059e-02,1.632154990097301958e-02,1.564305434274421494e-02,1.365675859602938705e-02,1.354853855449189223e-02,1.105235339576811880e-02,1.258677110070256094e-02,1.481257577947215666e-02,1.692778568225045480e-02,1.996948126979018745e-02,2.770466988137768038e-02,2.861588941607896494e-02,3.006379893733923669e-02,2.498899140956688941e-02,2.276522221747197955e-02,1.891917014565199992e-02,2.191879900858154442e-02,1.759338982487291397e-02,2.094753261697701249e-02,2.554535776731450825e-02,2.677886269217447449e-02,3.025038521585215676e-02,1.763647429282044418e-02,1.419660358693413671e-01,3.541841803332514416e-01
3.031413652417373067e-02,1.282273779076799347e-02,1.360788880769647248e-02,1.451635001826762431e-02,1.450264888564065970e-02,1.715762391913221510e-02,1.508989465351300366e-02,1.825713981244602227e-02,2.249954329557824276e-02,2.707077396175758613e-02,3.345131530873091119e-02,5.115393983680233819e-02,5.347057301181138561e-02,5.373393922786301458e-02,4.493514797223065876e-02,3.691199305809139686e-02,3.055733162830233038e-02,3.097788028254662082e-02,2.248888685909060728e-02,2.349820362927690365e-02,2.393397576421782066e-02,2.104760382413754793e-02,2.038347947874724272e-02,1.212474120082769613e-02,7.378136037023223792e-02,2.817108908780796561e-01
3.050231933592586347e-02,1.995468139647676303e-02,1.062774658202719595e-02,5.538940429685387107e-03,3.089904785155071255e-03,2.685546874998975646e-03,2.471923828124057178e-03,2.635955810545869294e-03,2.925872802733258705e-03,4.150390624998417065e-03,5.203247070310515476e-03,8.625030517574834230e-03,1.098251342773018564e-02,1.250076293944835625e-02,5.481719970701033791e-03,4.467010498045170634e-03,2.937316894530129369e-03,2.536773681639657458e-03,2.182006835936667766e-03,2.300262451170997664e-03,2.754211425780199191e-03,5.386352539060445220e-03,9.868621826168110650e-03,1.933288574218012396e-02,5.341835021970618991e-01,2.866744995116093930e-01
4.844598405162158644e-02,2.509426724024825875e-02,2.047271332266577260e-02,1.703368045536787084e-02,1.368612779686780891e-02,1.181881672481160071e-02,1.048776329250041862e-02,1.103172625449185852e-02,1.142469768905891164e-02,1.279952390945077872e-02,1.493275057052148753e-02,1.856605592424490428e-02,2.043123573695635950e-02,2.024417674369769979e-02,1.669644964981742419e-02,1.459142118930805386e-02,1.302920808960448748e-02,1.268312436062198935e-02,1.207686304855316861e-02,1.384482464653860948e-02,1.622412979041496991e-02,2.127095191878883643e-02,2.500639377803384744e-02,2.451358104031646848e-02,1.359176219080323045e-01,4.376759108674481702e-01
4.062839188800878437e-02,2.095401313909114188e-02,2.083404741501237653e-02,1.746358183375180603e-02,1.476149671521578832e-02,1.327620679805011430e-02,1.268209083118384400e-02,1.407026563838099410e-02,1.721222507853915201e-02,2.141673807482352698e-02,2.872322193657313866e-02,4.224507283630834359e-02,5.554413024846870106e-02,5.078548986001097526e-02,3.549842902025963920e-02,2.763781776633668363e-02,2.020565552698074668e-02,1.821193944586220470e-02,1.608111968008221412e-02,1.602970579833417480e-02,1.685804055983041588e-02,1.942302199370498500e-02,2.038846043986267467e-02,1.742930591258644302e-02,4.763210511279769577e-02,3.740074264493721823e-01
2.893516443455950576e-02,1.229897628054390721e-02,1.528108957694400936e-02,1.454452552127003667e-02,1.394541358146219982e-02,1.364062845497641778e-02,1.274868374658420268e-02,1.558587470342979141e-02,1.981850344526420518e-02,2.614279481984417911e-02,3.699105366010527196e-02,6.279918245871016214e-02,8.049763642121296470e-02,7.830886088051851324e-02,4.796929439254412481e-02,3.580179404891565415e-02,2.505214216134113783e-02,2.407354285816374825e-02,1.819148872593569222e-02,1.775970979674749983e-02,1.810035199693749153e-02,1.864418428145133907e-02,1.719794897538155093e-02,1.217198247784149860e-02,6.835553483812498166e-02,2.651436374610405267e-01
4.246033348136612172e-03,3.481771569300194484e-03,4.059106140740277764e-03,4.920666962735478767e-03,5.372037627679544271e-03,7.667245347006028562e-03,8.193306148814720122e-03,1.186442730832847937e-02,1.889337478299410802e-02,3.133473293229313561e-02,4.715006661552556544e-02,1.005866203722354246e-01,1.222560458637763914e-01,1.327877588921582142e-01,8.896806491985589926e-02,6.266018006378688832e-02,4.245992975089658145e-02,4.140498203399243377e-02,2.088618838063624125e-02,1.823569784811586089e-02,1.531713028382190173e-02,1.254592434090950198e-02,1.097581654487419719e-02,6.374500383543688087e-03,8.117001090071940261e-02,9.618838063708279318e-02
3.951334264498056886e-02,1.985468891664837754e-02,2.112279154106868478e-02,1.908892646228829010e-02,1.669362150504993120e-02,1.502732240436237959e-02,1.477002621969738909e-02,1.644857751965470363e-02,1.899703496776507933e-02,2.410007596362070958e-02,3.140851282803339140e-02,4.296846283905329106e-02,5.331544512236680716e-02,4.916194956991768589e-02,3.684236320417258459e-02,3.048959788280128716e-02,2.454728123696699876e-02,2.291773873408873077e-02,1.781469773823310052e-02,1.791884143202607249e-02,1.820064201523058714e-02,1.918081795681150087e-02,1.935847484622304007e-02,1.593398515032472262e-02,4.677277071231421279e-02,3.475520105856872433e-01
4.210237325358909960e-02,2.038923799644903195e-02,2.137758526019072763e-02,1.974254163869212236e-02,1.675309621132526836e-02,1.469708986638112481e-02,1.433103532425457176e-02,1.669818803000628488e-02,1.830882801536311971e-02,2.231102434261343984e-02,2.786895247390161132e-02,3.874077237506025340e-02,4.712342138975832845e-02,4.393874687325731443e-02,3.415288878040744630e-02,2.864986883043825830e-02,2.359831614909181988e-02,2.125556707948187546e-02,1.895552437312003277e-02,1.831492892439856232e-02,1.796717710937833709e-02,1.963882618508959801e-02,1.974254163869212236e-02,1.719236166187713272e-02,4.851442864983922937e-02,3.676346775667331812e-01
3.801768034815859731e-02,1.763719530988839754e-02,2.031267338206300607e-02,1.814886507945174393e-02,1.626246809768807852e-02,1.525762264661788964e-02,1.534392839088158551e-02,1.782213619045346087e-02,2.163808302611264223e-02,2.661915740933173610e-02,3.468257980196857992e-02,4.644481980590673548e-02,5.726386131896305659e-02,5.370683171609497153e-02,4.134045150231093618e-02,3.408460428814153592e-02,2.491770130813313402e-02,2.273539891746536451e-02,1.793926541481133743e-02,1.808105342324455370e-02,1.729197233283360710e-02,1.874067589725995214e-02,1.880848755346714238e-02,1.491239966956310094e-02,4.262887297024755412e-02,3.293612141983248143e-01
2.657413482665762355e-02,1.192378997802620751e-02,1.243400573730350268e-02,1.192665100097542626e-02,1.111888885497940883e-02,1.038265228271385496e-02,1.041793823242088274e-02,1.230430603027226483e-02,1.438045501708847332e-02,1.836776733398262640e-02,2.461338043212656090e-02,3.938484191894155856e-02,5.195999145507317757e-02,5.464553833007292083e-02,2.967262268066123490e-02,2.619075775146234922e-02,1.776409149169752566e-02,1.921176910400207785e-02,1.300334930419798016e-02,1.264953613281129437e-02,1.278877258300659472e-02,1.378536224365103056e-02,1.391887664794789342e-02,1.169872283935435506e-02,2.908411026000699562e-01,2.280406951904079549e-01
2.966529392763859671e-02,1.320924849267428140e-02,1.584033161067511727e-02,1.588070628767768860e-02,1.497564061153673631e-02,1.380477497846219377e-02,1.288288652023683763e-02,1.640557708871110548e-02,1.956489556416223657e-02,2.522744401377273460e-02,3.419398686476024518e-02,5.570696059429650071e-02,6.897677110247463217e-02,9.013310185182152323e-02,4.473850667526487607e-02,4.150853251505924602e-02,2.684916020670931325e-02,2.837330426355634538e-02,2.046996124030318887e-02,2.057762704564337908e-02,1.869347545219009199e-02,1.945050064598828621e-02,1.719961240309498748e-02,1.230081826011644730e-02,6.898013565889152265e-02,2.543907461239454104e-01
9.915433067310054638e-03,6.715163009823017955e-03,6.851006071481327564e-03,8.853858405631496314e-03,9.345780555342375964e-03,1.141155746846233415e-02,1.104622476585538117e-02,1.679605070536540137e-02,2.583646198041321049e-02,3.783025687663717912e-02,4.892830188399709818e-02,7.581190288738402783e-02,8.199035625305296782e-02,1.019659489193035923e-01,6.905898513017913465e-02,5.576783347343099162e-02,3.969763629371121649e-02,3.824592924241996400e-02,2.368222051215337562e-02,2.136844672897601424e-02,1.813967553866148441e-02,1.574558038115209807e-02,1.478172388916780024e-02,8.786121947093428891e-03,6.545414704437457765e-02,1.759733969685833843e-01
6.170457014313752986e-02,2.605945967211070052e-02,2.409136387656306971e-02,1.971888092506457468e-02,1.507845624451259643e-02,1.256597090422137235e-02,1.111851849489010544e-02,1.166397130046327446e-02,1.203859353275101886e-02,1.345662905913064776e-02,1.511886015603653398e-02,1.742968035898459153e-02,1.810910402908450303e-02,1.846316988533375225e-02,1.615022316072654146e-02,1.494271327860322365e-02,1.321562327109311943e-02,1.312843588306777942e-02,1.242597489499369136e-02,1.394218483797095981e-02,1.699374341885788800e-02,2.310217688477963008e-02,2.756149280402693871e-02,2.503483065267468263e-02,7.395581584180400958e-02,4.729295564890818038e-01
3.092575073241892944e-02,1.650333404540858459e-02,1.466560363769391605e-02,1.350402832031121284e-02,1.184463500976449743e-02,1.166534423828013804e-02,1.090812683105364840e-02,1.343345642089715727e-02,1.641559600829921653e-02,2.178001403808386277e-02,2.945899963378625572e-02,4.941272735595232668e-02,5.842399597167412251e-02,6.514167785643910913e-02,4.264450073241781575e-02,3.387451171874677341e-02,2.248573303222442185e-02,2.161026000976356762e-02,1.505184173583840913e-02,1.545429229736180847e-02,1.646709442138515056e-02,1.869678497314275142e-02,2.021503448486135571e-02,1.561737060546726161e-02,9.192562103270608687e-02,3.218736648559263891e-01
3.161247532082617218e-02,1.341737105133138097e-02,1.494246668311800634e-02,1.399675314659292423e-02,1.241959988894253408e-02,1.200506694224958218e-02,1.156161309229898453e-02,1.355233526653373821e-02,1.645406589338439460e-02,2.130699346001769037e-02,3.000640115991813281e-02,4.874232632033093787e-02,5.929459988893801686e-02,6.054687499999416439e-02,3.778516010611679410e-02,3.063784088104344258e-02,2.120962641905027590e-02,1.917359482971187426e-02,1.479689813672117882e-02,1.492800623148918260e-02,1.575128794422355621e-02,1.744701690523030313e-02,1.738049882773771287e-02,1.346750061697797075e-02,1.561005753331537460e-01,2.814630506539708699e-01
6.693389497156893020e-02,3.807981703474235674e-02,2.194873233194040429e-02,1.547534955228154797e-02,1.039956994161964424e-02,7.280175070464161256e-03,5.293059508722130525e-03,4.760680475626355782e-03,4.343866647275762549e-03,4.281539345840159466e-03,4.700950145083903839e-03,5.699918281982315101e-03,5.819378943067220721e-03,6.305445328568483852e-03,5.048944244766019607e-03,4.891827505730437196e-03,4.359448472634663320e-03,5.075346782179712170e-03,5.292193851757746523e-03,7.165042694201173047e-03,1.045627047278675434e-02,1.688290777636890921e-02,2.506812720309588641e-02,4.034697262446240718e-02,8.134102382980139267e-02,5.927495169633881789e-01
4.262853488082531117e-02,1.658238458792632430e-02,2.108047955991179320e-02,1.884596810793983876e-02,1.662841536232545839e-02,1.655492763477596496e-02,1.517158173046517268e-02,1.787609161577564595e-02,2.034883251419925682e-02,2.195344915860412624e-02,3.036981285663510610e-02,3.906155364361528493e-02,3.474031375221596496e-02,4.284092248901780198e-02,3.251872321937358812e-02,2.724375798472204735e-02,2.465715148646900265e-02,2.258011373638881686e-02,2.004438335720849784e-02,1.922471254992568976e-02,1.979404054907286242e-02,2.326896023748461703e-02,2.311552432282083791e-02,1.644429226472892552e-02,6.751584023928997036e-02,3.489092321582014100e-01
1.107608126449197324e-02,5.738957583010603596e-03,6.568274358507108363e-03,7.555759797371502592e-03,7.825074007970882206e-03,1.016126791420201604e-02,1.060798751749781298e-02,1.542785692147878585e-02,2.289384531531716074e-02,3.331374036826937474e-02,4.747197315406536527e-02,8.596466854044822192e-02,1.130307467056859416e-01,1.049769693601425719e-01,6.858321488493901441e-02,4.891045302496523084e-02,3.337572538499462838e-02,2.967799852517774215e-02,1.800557865150142697e-02,1.626144852571496241e-02,1.434632525034159126e-02,1.319639631936963403e-02,1.327120582231390740e-02,6.478502954973981535e-03,1.072191170341009053e-01,1.480608308129339190e-01
1.206145966709140996e-02,7.318822023046125773e-03,7.177123346136205298e-03,7.411011523686315133e-03,7.636363636362332799e-03,9.512590695687663314e-03,9.468203158342387502e-03,1.362185232607535275e-02,1.958344003414091636e-02,2.782415706358893140e-02,3.892957746478208775e-02,7.179854886895914445e-02,9.085616730685601439e-02,9.409816474603600878e-02,6.130089628680131242e-02,4.583525394792217766e-02,3.139735381988367074e-02,3.006231327357574562e-02,1.780793854032986651e-02,1.667605633802532114e-02,1.623559539052219641e-02,1.534101579171739775e-02,1.613316261203309732e-02,7.771233461372979538e-03,1.457157490396678301e-01,1.784259496371867759e-01
4.331326541107940326e-02,2.822373160436834547e-02,2.234485952451586641e-02,1.521817433362249346e-02,1.165483173817580612e-02,1.063857157557548776e-02,1.094730884016292642e-02,1.252958732117354958e-02,1.480652464750590973e-02,1.843418750640831230e-02,2.158588041573841418e-02,2.962591334770296042e-02,3.769167438504979206e-02,3.451425337033740826e-02,2.527786353809653372e-02,2.307811052791103323e-02,1.782957702992457941e-02,1.595142533701766202e-02,1.517958217554906362e-02,1.456210764637418630e-02,1.438201090869818156e-02,1.640166718120767558e-02,1.916743850980347913e-02,2.193320983839928268e-02,4.160234640315735311e-02,4.631058968811578858e-01
4.353284938131359721e-02,3.037255170521118916e-02,2.005433045699213032e-02,1.277222298313841417e-02,9.405104323597902882e-03,9.005615669076146718e-03,8.697438707016507883e-03,1.051225859470105405e-02,1.148244532711103182e-02,1.499794548690248051e-02,2.119572661276857353e-02,2.998447701224719875e-02,4.156964799337811017e-02,3.531479705972319361e-02,2.461991508009791010e-02,2.221156919140961084e-02,1.539743414142423668e-02,1.341140483037322334e-02,1.282929279092723598e-02,1.336574898414216554e-02,1.377665160022168572e-02,1.621923937358327530e-02,1.991736291829895866e-02,2.201753184492761389e-02,4.968497466094862897e-02,4.776514632693265039e-01
2.061461067365874533e-02,9.982638888885477652e-03,1.273034230095802972e-02,1.222796369203431668e-02,1.141458880139592340e-02,1.129497484689027768e-02,1.063880686788787854e-02,1.556006671040588082e-02,2.026260389325641731e-02,2.735742016621987155e-02,3.726829068240196385e-02,5.525139435693649653e-02,6.036745406822083965e-02,1.059882163166741831e-01,4.485523293961721919e-02,5.685080380575485010e-02,2.999234470690138529e-02,3.599354768152750877e-02,2.208757108485684406e-02,2.089826662291499257e-02,1.716972878389614460e-02,1.775412839019515840e-02,1.477744969378322684e-02,9.705818022743839535e-03,1.221395177164936868e-01,1.968162182851470876e-01
4.610819327728670619e-02,2.898634453779990253e-02,2.309348739494585315e-02,1.649684873948713271e-02,1.177521008402742861e-02,9.968487394952747424e-03,9.422268907558076570e-03,1.008928571428041598e-02,1.151260504201075986e-02,1.427521008402611591e-02,1.913865546217482366e-02,2.796218487393489424e-02,3.980042016804632293e-02,3.346638655460427297e-02,2.214285714284551163e-02,1.828256302520048227e-02,1.485819327730312014e-02,1.421218487394211583e-02,1.235819327730443284e-02,1.268382352940510341e-02,1.396533613444644710e-02,1.740546218486480751e-02,2.277836134452585273e-02,2.555672268906220707e-02,5.368172268904743832e-02,4.699789915963918374e-01
2.999114891410669184e-02,1.494430292300907501e-02,1.510081602693369267e-02,1.586719053580595146e-02,1.534907819177963595e-02,1.510081602693369267e-02,1.525193212727470049e-02,1.785868485815710754e-02,2.191723155302992276e-02,2.777837744482763299e-02,4.028323474804613308e-02,6.848797547597874902e-02,9.565109451227513104e-02,8.254177280769259273e-02,4.939337679717553664e-02,3.392016752297292992e-02,2.562497301496825114e-02,2.121562108716095255e-02,1.721644143170781779e-02,1.670912309484871849e-02,1.560273736020918560e-02,1.545162125986817778e-02,1.469064375457952362e-02,1.249406329605128561e-02,3.571197271273060525e-02,2.658456025213365992e-01
5.123009531649500015e-02,1.629450053670934706e-02,1.862949242552548040e-02,2.102451110949588725e-02,2.242984431369587570e-02,2.326013090885495002e-02,2.148454839672861785e-02,2.223463112273198553e-02,2.282329725672386719e-02,2.463872949000303625e-02,2.742820997070150729e-02,3.330831376156987572e-02,3.415524644278013222e-02,3.713136485799187897e-02,3.021718602454994199e-02,2.702315521012268670e-02,2.459433992719987916e-02,2.529650210244983530e-02,2.379381451619292168e-02,2.578680500068472256e-02,2.478400442281337296e-02,2.394615142490376034e-02,2.080105001492998582e-02,1.480038820690304270e-02,6.799926151908812499e-02,3.148844257201038888e-01
3.941496598638562221e-02,1.860544217686652818e-02,1.844444444444026318e-02,1.867346938775086770e-02,1.712925170067638656e-02,1.661451247165156297e-02,1.488662131518936858e-02,1.617913832199179697e-02,1.843083900226339528e-02,2.259183673468875483e-02,2.934693877550354976e-02,4.512925170067003805e-02,5.505895691608728854e-02,5.020181405894553334e-02,3.566439909296243577e-02,2.853287981858763575e-02,2.301587301586779585e-02,2.159410430838512585e-02,1.843990929704797388e-02,2.053287981858944664e-02,2.162811791382729387e-02,2.281632653060707006e-02,2.187074829931476977e-02,1.529251700679925413e-02,5.822902494329745132e-02,3.316757369613760331e-01
4.110846667048799474e-02,1.719953738219412789e-02,1.792835158953098168e-02,1.693334097990781620e-02,1.588910554185468324e-02,1.640620519584712680e-02,1.317027011527149329e-02,1.474116342642968307e-02,1.673691957714358580e-02,1.899218137676497373e-02,2.292395480873894026e-02,3.114784653323244071e-02,2.817906367685438229e-02,3.269962340616540397e-02,2.726099673108776239e-02,2.489438167880441560e-02,2.109021047198385290e-02,2.387260805566593022e-02,1.913746630727671330e-02,2.198916097952524629e-02,2.501194777388957360e-02,2.602177362313729328e-02,2.827273422415800541e-02,1.849133069526397513e-02,1.034543403872941053e-01,3.564470187914417498e-01
5.132551776735957971e-02,1.954169165722488208e-02,2.184359982525018937e-02,1.937508792974416277e-02,1.765629280790138173e-02,1.766925087559432714e-02,1.474581824643955014e-02,1.543814929174832686e-02,1.619804740431317683e-02,1.701348009270493150e-02,2.084166351970640277e-02,2.700415028396554659e-02,2.424547022976392824e-02,2.817639262204518075e-02,2.263311637825605321e-02,1.902429452577086497e-02,1.783816854373450334e-02,1.863971758816953053e-02,1.735362936964473732e-02,1.983232260405236314e-02,2.188802748591171451e-02,2.431303729701999802e-02,2.659967345669290648e-02,1.989063390867061576e-02,9.677686577662804324e-02,3.841359005116407599e-01
4.685981389875058800e-02,2.273965438340095138e-02,2.171871254548783658e-02,1.660855542722475958e-02,1.237551482926056538e-02,1.075965917757951140e-02,1.040445422650194962e-02,1.171631545686202362e-02,1.371134694588967834e-02,1.710540652443754556e-02,2.285079212883012884e-02,3.295561027696910367e-02,4.231951012224691167e-02,3.778356468870124052e-02,2.614896816230184370e-02,2.072283117958326204e-02,1.534136721218425613e-02,1.407199982566474834e-02,1.180130314454315779e-02,1.184815533134173267e-02,1.331691690819005423e-02,1.817429013488873479e-02,2.245963084834901036e-02,2.287476301509916432e-02,6.514960012202650197e-02,4.381812634835757780e-01
4.897418996450923767e-02,2.260036314794313522e-02,2.212466421251387330e-02,1.735834742811480716e-02,1.340869896859211638e-02,1.148724836666215922e-02,1.079701853878440795e-02,1.183236328060103572e-02,1.328744237720818830e-02,1.623491029084831588e-02,2.089966172519930679e-02,3.008199847444386829e-02,3.620908367326258759e-02,3.330928929127768140e-02,2.440988458859561991e-02,1.985084402878446383e-02,1.558509932676520673e-02,1.468137498756190429e-02,1.219198753026106558e-02,1.334340695784692367e-02,1.480055881669995431e-02,1.947567406228034245e-02,2.388651212151114006e-02,2.222622956256195201e-02,8.369295758298472832e-02,4.272501906940823213e-01
6.018840243996369938e-02,2.080804571075512213e-02,2.293683885414165083e-02,2.160759786888959838e-02,1.833024476874301617e-02,1.543239904254438064e-02,1.329897305227344118e-02,1.386765500733480420e-02,1.453825959385319534e-02,1.654235194193434677e-02,1.990309628600031230e-02,2.645664427457236970e-02,2.955563276966915315e-02,2.859894988803842950e-02,2.221836151648435426e-02,1.958149949810749843e-02,1.619566056675097662e-02,1.612423751061631619e-02,1.446413404370263008e-02,1.645046714539354082e-02,1.962666975523049903e-02,2.446452011427594289e-02,2.559802331866166056e-02,2.063199752914753049e-02,8.294649061848184679e-02,3.996328468843950432e-01
1.977188330672311270e-02,9.155862041498669807e-03,1.105075048865189133e-02,1.176423738206335001e-02,1.157176184802677019e-02,1.250427262499709431e-02,1.239807922690794838e-02,1.620444883966582275e-02,2.075417223904772734e-02,2.719878408558285346e-02,3.777830137021415124e-02,5.681346797769380730e-02,6.347710370778779365e-02,8.771574682163567338e-02,4.569966515892648351e-02,4.862662069375860846e-02,2.763351330901029843e-02,2.888792282393835148e-02,1.875640893749564234e-02,1.659271845142926485e-02,1.475092670332061803e-02,1.383169010111143585e-02,1.127309291590104269e-02,7.781984953720325407e-03,1.859778254909997819e-01,1.820287584995596286e-01
5.118009166615095779e-02,2.314747681761150991e-02,2.295520775262995666e-02,1.835471386818308265e-02,1.382833487470675436e-02,1.157588666651504505e-02,1.065965475350239521e-02,1.196686956960602358e-02,1.314626305200683291e-02,1.582406628663817968e-02,2.019899311160948396e-02,2.864486829568741247e-02,3.545806762070410900e-02,3.150419930675385505e-02,2.280268145527028847e-02,1.891648325916270301e-02,1.515166162363006629e-02,1.425906054541961794e-02,1.215161973260505714e-02,1.329664109165720927e-02,1.486809160600364305e-02,1.981015846622779727e-02,2.429786882093688816e-02,2.319688674492520475e-02,7.265729811478864597e-02,4.401468548969598715e-01
3.940323480198033856e-02,1.730340211934097705e-02,2.023842721694071520e-02,1.988984941437542397e-02,1.784021193529152297e-02,1.631344116005555359e-02,1.648773006133819746e-02,1.822364751811333949e-02,2.067763524817297846e-02,2.556469604013833843e-02,3.234104852200757330e-02,4.576826547682252833e-02,5.602342442829334745e-02,5.439208031228778828e-02,3.947295036249339611e-02,3.303820412713814880e-02,2.630368098157675333e-02,2.242749581705073478e-02,1.965978806468233336e-02,2.013385387617112887e-02,1.947852760734838234e-02,2.036391522586421948e-02,1.901143335191089398e-02,1.403374233127856023e-02,4.497350808697366670e-02,3.206358059116560244e-01
3.224651162789198000e-02,3.271162790696152678e-02,1.052093023255324528e-02,6.032558139532078097e-03,4.665116279067597557e-03,4.925581395346546355e-03,4.493023255811863514e-03,5.493023255811398629e-03,7.646511627903420164e-03,9.139534883716679201e-03,1.067906976743689292e-02,1.906511627906089940e-02,1.767906976743363612e-02,2.177209302324568593e-02,2.039534883719981706e-02,2.136744186045517677e-02,1.553953488371370185e-02,1.520465116278362644e-02,1.077674418604149947e-02,1.321860465115664261e-02,1.489767441859772210e-02,2.284651162789634940e-02,3.641860465114585277e-02,2.326511627905894497e-02,1.397813953487721805e-01,4.792186046509399056e-01
4.140874751287647315e-02,1.642615646206298241e-02,1.770546761570087821e-02,2.072647745897281818e-02,2.148706403643551102e-02,2.069966073556722685e-02,1.880736458833393021e-02,2.293180587615041219e-02,2.644932698792643380e-02,2.985154349606751467e-02,2.873320575295419677e-02,3.027235415027134183e-02,3.000608673858203013e-02,3.228485059723815165e-02,2.954063025876289481e-02,3.094671802032640875e-02,2.831422185102595163e-02,2.518112248812409693e-02,2.305682880189146786e-02,2.354866358457005301e-02,2.397451607505449861e-02,2.436069150611323147e-02,2.081080034401383561e-02,1.462899757334217010e-02,5.562058793656598360e-02,3.422261095510621409e-01
3.428254701914457137e-02,1.581496721342217499e-02,1.581722187775902108e-02,1.536065234954754957e-02,1.548954399413728956e-02,1.738458936925699888e-02,1.624748698870727773e-02,2.001127332168348150e-02,2.343460533979582414e-02,2.684779136839235414e-02,3.494466677939856575e-02,4.641752625744334504e-02,3.852582530109018716e-02,4.882625932397464258e-02,3.962497416530297994e-02,3.215226499821384476e-02,2.869624034721722852e-02,2.567724480017940722e-02,2.158991413486569325e-02,2.082558292467463767e-02,1.975273847772505281e-02,1.963624748698796982e-02,1.902899122559724085e-02,1.448696991901942711e-02,5.744922308024510288e-02,3.316746519361805090e-01
3.757651268289326218e-02,1.789662002427845622e-02,1.636381061912872345e-02,1.568398185419361823e-02,1.519711200562167373e-02,1.647754137115733930e-02,1.493898153472526281e-02,1.824867420611984981e-02,2.153919877323995022e-02,2.440163567822986601e-02,2.973803590824677587e-02,4.018976423231485767e-02,3.433071369241363219e-02,4.308159223052564907e-02,3.531148169445816332e-02,2.983707111366495565e-02,2.674653376780865635e-02,2.501118139415852218e-02,2.093859817263938813e-02,2.140949460098259469e-02,2.179605137051806446e-02,2.116030924541427785e-02,1.997635933806019004e-02,1.418120247907391461e-02,7.488722765318031604e-02,3.430803143568881830e-01
1.607549140276744865e-02,9.874678303672116547e-03,1.079780687030435470e-02,1.043415016223710884e-02,1.096564842787385238e-02,1.115213904739551648e-02,1.106821826861076850e-02,1.603819327886311583e-02,2.174480623622604067e-02,2.915780836221219113e-02,4.141024206478552405e-02,6.774271754124450151e-02,9.084890529997868835e-02,1.017306329490677980e-01,5.526649509524517168e-02,5.229196971387462672e-02,3.300883965533455561e-02,3.843571668341498604e-02,2.331132744020801909e-02,2.128790421839796276e-02,1.850919398752516598e-02,1.712916340306485166e-02,1.459289097757021994e-02,8.541270374092219120e-03,7.446570437500049655e-02,1.941180858601002091e-01
2.551864214953953811e-02,1.104819776273623100e-02,1.467928227134283371e-02,1.489148850885880539e-02,1.342625496410567582e-02,1.390792943973716451e-02,1.254374648427735578e-02,1.757943418406109418e-02,2.193471458260315421e-02,2.786638417412098945e-02,3.764471286473784067e-02,5.235767866584511987e-02,5.727210565847687396e-02,8.687655996844295681e-02,4.426352646345024788e-02,5.232399513608067959e-02,3.112021314936586763e-02,3.387215753112059191e-02,2.339321142140339191e-02,2.149346034268899072e-02,1.912213984727243604e-02,1.980254714851411788e-02,1.663629535065678372e-02,1.133450776573396990e-02,9.133962766223122087e-02,2.277511865022592286e-01
2.440600122473227107e-02,1.209430496019225573e-02,1.356093080220037959e-02,1.326086956521333078e-02,1.274035517452151191e-02,1.210349050826328710e-02,1.173300673606499263e-02,1.575015309246302966e-02,2.079301898345964697e-02,2.680649112062865810e-02,3.542559706061376712e-02,4.999693815062768165e-02,5.674525413347925734e-02,8.589712186157810736e-02,4.131047152478833223e-02,5.105633802815338212e-02,2.948560930801301730e-02,3.525719534597818172e-02,2.241579914267531615e-02,2.152480097978520454e-02,1.932639314145152137e-02,2.005817513777707894e-02,1.621555419472865342e-02,1.106552357623666154e-02,1.126209430495674763e-01,2.283496631965008239e-01
2.514053198703183195e-02,1.149272850576098411e-02,1.401250847712636263e-02,1.421143847486573339e-02,1.325295757666694260e-02,1.295154848918304499e-02,1.245120940395977663e-02,1.547735664229809953e-02,1.905206841985711622e-02,2.482103835429889938e-02,3.352271870995900127e-02,4.825258081529703452e-02,5.850048978974952546e-02,7.281440735435978917e-02,4.041895863159056246e-02,4.314068269157014801e-02,2.640645015446419983e-02,3.007459874914322068e-02,2.061638158389854023e-02,1.982367568381589173e-02,1.764147389043247902e-02,1.798206615928928109e-02,1.491070755782837425e-02,1.102253032928610620e-02,1.587913495591413426e-01,2.232175420088242934e-01
8.613219113922441009e-03,6.247287362066242244e-03,6.817946008823404756e-03,8.295740007627963597e-03,8.006026622942669091e-03,9.249273341838074036e-03,8.790042919959871817e-03,1.404251370384445446e-02,2.179974484763115214e-02,3.234450830560296059e-02,4.099097321776797725e-02,6.718939290980133205e-02,7.029294297651200729e-02,1.102408749417244926e-01,6.381878044182336118e-02,6.253388514051418101e-02,3.871345336893049216e-02,4.492420688677412760e-02,2.350149131152030890e-02,2.143696377450063709e-02,1.816937674723043475e-02,1.692357265923944906e-02,1.657540512379797673e-02,9.560176356172482223e-03,9.878934147014750700e-02,1.721328604392474149e-01
4.113202811244886375e-02,2.265858890105826653e-02,1.586847389558196722e-02,1.416004928806101348e-02,1.230946513326003355e-02,1.229805585980256813e-02,1.104600219058025218e-02,1.263234757210632102e-02,1.410391566265028172e-02,1.624224169404855228e-02,1.946079773639970353e-02,2.642912559328161951e-02,2.868336984300774370e-02,2.910733844468717940e-02,2.363202811244926108e-02,2.092529207740003588e-02,1.703906535231797595e-02,1.724078130704597561e-02,1.413175428988649833e-02,1.558004746257722964e-02,1.733045819642165669e-02,2.095974808324158403e-02,2.438047645125902829e-02,2.031375502007986070e-02,1.249516246805374986e-01,4.073831690397862748e-01
4.731368849610129851e-02,1.817015043940176447e-02,1.998808400774489819e-02,1.904398987140611121e-02,1.679956308028358186e-02,1.550692617049760462e-02,1.319025867633153229e-02,1.446030485080148677e-02,1.596246462439759872e-02,1.798048756268263645e-02,2.119904672061910522e-02,2.920411101732711331e-02,3.157315922744571846e-02,3.736309021399043112e-02,2.529045231120536849e-02,2.577031924929184745e-02,2.000595799612680387e-02,2.294573258527324994e-02,1.916389454346806992e-02,2.166004667096912625e-02,2.405416811479012609e-02,2.592845439650399639e-02,2.487438558164875232e-02,1.792463134898917773e-02,9.124671068963578768e-02,3.633799215530419402e-01
5.637620197386347676e-02,2.320130051248204747e-02,2.395495538644548672e-02,2.085440514795289593e-02,1.589155258538615251e-02,1.311077740556590085e-02,1.076247334033775607e-02,1.127383169407369760e-02,1.216976533863584585e-02,1.346013517891717949e-02,1.474064411430553272e-02,1.776371581435328556e-02,1.778062022274124951e-02,2.186585224983280534e-02,1.709740038372766294e-02,1.861316233584852861e-02,1.505619307088087999e-02,1.740872323820601836e-02,1.526327207363345310e-02,1.821590873873134980e-02,2.169117336315716862e-02,2.688787024175742779e-02,2.863465910851381580e-02,2.289983856289666900e-02,8.669144101628081800e-02,4.383341269013319996e-01
4.988217862433876049e-02,2.117214417051651448e-02,2.275053406406049930e-02,2.086271429506208336e-02,1.533611820221014201e-02,1.289935793300651251e-02,1.120790712343110000e-02,1.207966629177867519e-02,1.335011395350022521e-02,1.472320902582925292e-02,1.658276356581981151e-02,1.985409191257120690e-02,1.970830283663594501e-02,2.666452445983262878e-02,1.889604941356807025e-02,2.252143694473366514e-02,1.708261182616927637e-02,2.082403556063028294e-02,1.742625750515952934e-02,2.038369304556051850e-02,2.344526364020097300e-02,2.743512386120471741e-02,2.843779566916762938e-02,2.134173554456365168e-02,9.865159981194716876e-02,4.064807707183523688e-01
3.707128890767304175e-02,1.519461912898248564e-02,1.767690112561173810e-02,1.724532755552953683e-02,1.495681328424331401e-02,1.412449282765621504e-02,1.282243243084359163e-02,1.451790002759508966e-02,1.620456000046736206e-02,1.909786444479394732e-02,2.317432636356356671e-02,3.071512034149642689e-02,3.498094617366946657e-02,3.885483274321682723e-02,2.674434990927754968e-02,2.581514559001893416e-02,2.073314661170404943e-02,2.161097312500049814e-02,1.815398075240328563e-02,1.910667206867317294e-02,2.027221429535775582e-02,2.133793678474441013e-02,2.077278091916057862e-02,1.466762963354197556e-02,1.771653543306826450e-01,3.069823906239457223e-01
3.825368752022381691e-02,1.529916308318084693e-02,1.809659222268199252e-02,1.837113330558758084e-02,1.697675359504078121e-02,1.712847366717281522e-02,1.586413973273918809e-02,1.799400055485937677e-02,2.077553521061335784e-02,2.465667915105761165e-02,2.918805197206772797e-02,3.878543024921989740e-02,4.300902806676217688e-02,4.456957738012025383e-02,3.404164932722493486e-02,3.043215656355042001e-02,2.509738983677447383e-02,2.505837610394052312e-02,2.100817265454914609e-02,2.173787395385083643e-02,2.201963980209604640e-02,2.193583252415644627e-02,1.983920562259850959e-02,1.376462292504540552e-02,9.475713228832957635e-02,3.113397026864117567e-01
5.418078512396582586e-02,1.972252066115661936e-02,2.142892561983426869e-02,1.989545454545413664e-02,1.753016528925583836e-02,1.558202479338810856e-02,1.364896694214847925e-02,1.457830578512366720e-02,1.558842975206579419e-02,1.788987603305748283e-02,2.105743801652849162e-02,2.788904958677628637e-02,3.019462809917293142e-02,3.247190082644561132e-02,2.435991735537140074e-02,2.121590909090865368e-02,1.781074380165252602e-02,1.751983471074344129e-02,1.576425619834678424e-02,1.772541322314013026e-02,2.002582644628057851e-02,2.356632231404909988e-02,2.364152892561934699e-02,1.866053719008226031e-02,1.024896694214854909e-01,3.755615702479261353e-01
5.224829157175291117e-02,2.037047007661999670e-02,2.105135638848579585e-02,1.822054255539411541e-02,1.480803478981124882e-02,1.273700559121945103e-02,1.103810312694116814e-02,1.193808241871998493e-02,1.303189066059198646e-02,1.521681507558469287e-02,1.825243321598636961e-02,2.472313108303945614e-02,2.718016152412451591e-02,2.967384551666950657e-02,2.043963553530709493e-02,1.853965624352829980e-02,1.448643611513741013e-02,1.500538413750227874e-02,1.297204390142859924e-02,1.452598881756027131e-02,1.716815075584971970e-02,2.174943052391754492e-02,2.356305653344329190e-02,1.980099399461545534e-02,1.460128390971185408e-01,3.852462207496296642e-01
1.504276124244537799e-02,5.427175394342570111e-03,8.062590098990150833e-03,1.785852781173426218e-02,8.462072556847508378e-03,8.867402600759789061e-03,8.663044856524592524e-03,1.344637024945145171e-02,1.755260673075566963e-02,2.362055444964293940e-02,3.009290890938118648e-02,3.919483048771209288e-02,3.668990928239541927e-02,7.807112141927444182e-02,3.593926389355558970e-02,6.088937475147571804e-02,3.100821001082015513e-02,5.245530905415441564e-02,3.196105877008547508e-02,3.096235262544207861e-02,2.827123196942918013e-02,2.662498261112485748e-02,2.096913582526609490e-02,1.161884572344452221e-02,1.913425565153744901e-01,1.669058021595391517e-01
3.611122196503981779e-02,1.297596718470245443e-02,1.751115982349457992e-02,1.739678232215483705e-02,1.748764295406024169e-02,1.895032096963548268e-02,1.776842012245812008e-02,2.075007411376959821e-02,2.412510119380094700e-02,2.723930481283325447e-02,3.119227677502368554e-02,3.975776199217672530e-02,3.862788331071775189e-02,4.800078104511647237e-02,3.724216959510944641e-02,3.730131808489884487e-02,3.069877883310609748e-02,3.292539878909384043e-02,2.678357638849202665e-02,2.650564974972255405e-02,2.660007354366346333e-02,2.369680911713311841e-02,1.984431832434395415e-02,1.293605976990478724e-02,7.113354161202897763e-02,2.864376076074832689e-01
2.183259259259097765e-02,9.637777777777065125e-03,1.068888888888809736e-02,1.448444444444337356e-02,1.123259259259176170e-02,1.169333333333246773e-02,1.176370370370283247e-02,1.531703703703590422e-02,1.921555555555413269e-02,2.532518518518330972e-02,3.539259259258997065e-02,5.273999999999609556e-02,5.899481481481044787e-02,7.258074074073536663e-02,4.452222222221893094e-02,4.694148148147801042e-02,2.861481481481269878e-02,3.425481481481228163e-02,2.303703703703533293e-02,2.299481481481311512e-02,2.190444444444282490e-02,2.133703703703545770e-02,1.778962962962831254e-02,1.122296296296213317e-02,1.374429629629528027e-01,2.190385185185023120e-01
3.172198503418480198e-02,1.171147734981320236e-02,1.632771733308016615e-02,1.722546124142821516e-02,1.736318331827706521e-02,1.690921054644197244e-02,1.656745576315038493e-02,2.003091095501587440e-02,2.454003376740039946e-02,2.827893311296358556e-02,3.830714063462419688e-02,5.506332665123411102e-02,6.671869500677556075e-02,8.064902803915353913e-02,4.819252526177488644e-02,4.401495559735980889e-02,3.099256810865200912e-02,3.012032828860930142e-02,2.405035527193782538e-02,2.202022984283257684e-02,1.964324881277466905e-02,1.905155396409072624e-02,1.596555927914430559e-02,1.050258356413997542e-02,5.251291782069987535e-02,2.415186154339308833e-01
2.141636688546093986e-02,8.783316695131635626e-03,1.027230690309771481e-02,1.153841591141653057e-02,9.963149110038605968e-03,9.828341932832598479e-03,9.164371649367281450e-03,1.067816637793926604e-02,1.236918760881141471e-02,1.528893132419057929e-02,2.044323880893651399e-02,3.098048675096976706e-02,3.747927114971694174e-02,3.911313413745374362e-02,2.459673781010505295e-02,2.347586106736284164e-02,1.709247161230400755e-02,1.888271092559977785e-02,1.499415296336677889e-02,1.534069728023768585e-02,1.583067643365578675e-02,1.519690295788461189e-02,1.294508386983547581e-02,8.584880530284392380e-03,4.012645272707585087e-01,1.844766120332055337e-01
1.495171495171441003e-02,7.037889646585043617e-03,7.727417510025925453e-03,9.984942593637883765e-03,7.650320693798677747e-03,7.668780494867173322e-03,7.239499630803716487e-03,9.013812274681513165e-03,1.111424807076940788e-02,1.439647309212474351e-02,1.979650783998538471e-02,3.085465259378190883e-02,3.606502193458584193e-02,4.611041132780096391e-02,2.517627300235904600e-02,2.857866770910145668e-02,1.712454212454150512e-02,2.178147939017425344e-02,1.493904646078504997e-02,1.514572384137546565e-02,1.495786821873724276e-02,1.426544470022679187e-02,1.212302190563016233e-02,7.711491407143301717e-03,4.473953582649072835e-01,1.511893903198196221e-01
3.045865329011827188e-02,1.467374494008733508e-02,1.423457483290463052e-02,1.431148213397107592e-02,1.336632082195777539e-02,1.489143883053770795e-02,1.268045898949636714e-02,1.526630939092715397e-02,1.898265509218709929e-02,2.252543404295282922e-02,2.714827727645496847e-02,4.050030931023646669e-02,3.939755106980832172e-02,4.398341155744243947e-02,3.745931897954360434e-02,3.123276940249199510e-02,2.610897806586853429e-02,2.717055097567093458e-02,2.049054250326034360e-02,2.288475503973867731e-02,2.551725413198025968e-02,2.369459312255309952e-02,2.548741578020038284e-02,1.433585712556590536e-02,9.473088328245005130e-02,3.284664600115517197e-01
3.270463741051467255e-02,1.289915966386353911e-02,1.588702147525429542e-02,1.620603797074133059e-02,1.615157173980451971e-02,1.540149393090329936e-02,1.567382508558735205e-02,1.748366013071623454e-02,2.115468409585727350e-02,2.630407718642603296e-02,3.297385620914519699e-02,4.525521319638262097e-02,5.390756302520169352e-02,6.134142545906297317e-02,3.678182384064164478e-02,3.425770308122716434e-02,2.581854964207503517e-02,2.729069405539569226e-02,2.052443199501703675e-02,1.978680361032994148e-02,1.905539993774991309e-02,2.014005602240583059e-02,1.614845938375098974e-02,1.206349206349018564e-02,1.196109554932898167e-01,2.651774042950100774e-01
1.766046278266828265e-02,5.892669422178466350e-03,1.033540992223205661e-02,1.436900467083125285e-02,1.455976514436519050e-02,1.568528926903215576e-02,1.526494427255620234e-02,2.228127127856470782e-02,2.846960076931240660e-02,4.036693206388496102e-02,5.050262211656583039e-02,7.503979465064047893e-02,7.901963302313617932e-02,1.041757504987358141e-01,6.278222097454101702e-02,5.532352379018082300e-02,3.913650834418269664e-02,3.538812103546593729e-02,2.501463368016057162e-02,2.485187131918054071e-02,2.227119195804530202e-02,1.792700481418145822e-02,1.099803191934113286e-02,5.579090561574733854e-03,5.144410531471179521e-02,1.556605464036926179e-01
